  0.1250  0.3062  0.4841  0.5590  0.4841  0.3062 -0.1250
 -0.3062 -0.5000 -0.3953 -0.0000  0.3953  0.5000 -0.3062
  0.4841  0.3953 -0.1250 -0.4330 -0.1250  0.3953 -0.4841
 -0.5590 -0.0000  0.4330  0.0000 -0.4330  0.0000 -0.5590
  0.4841 -0.3953 -0.1250  0.4330 -0.1250 -0.3953 -0.4841
 -0.3062  0.5000 -0.3953 -0.0000  0.3953 -0.5000 -0.3062
  0.1250 -0.3062  0.4841 -0.5590  0.4841 -0.3062 -0.1250
